100
945164694 202096984
675897787 228760761
443556455 808916781
612435934 697520498
363955765 727322413
391983500 124272987
903864338 722132807
352747468 835385806
683870278 872524979
120569373 156964351
739708626 771690649
668989477 246558074
799541047 952554380
369475564 678561514
136587881 188446330
256689325 337242455
613523534 719026273
142100565 938044431
865778372 620167129
568626354 872059007
858140880 655979488
202597158 989206182
348402223 873530632
241435321 616907977
139704042 883915880
665262311 461608186
231762124 804132926
270996128 507136975
169839811 238474968
548078299 359719197
587545360 270448589
124934773 516196165
161996871 236044332
512226045 250512883
990980392 749168527
418252157 494014745
581615175 811454874
141808937 751762141
364278016 667228938
906320177 759063758
654430801 430514084
181831772 548196842
496089290 552718014
211198849 620784444
999282899 673948410
883402172 339684377
304691314 147376338
941971623 843838352
577941231 396863879
383332795 769587812
642189617 944426338
936798258 808826401
117931824 346063556
364908511 147595975
600259004 541710436
813151160 882804761
197362356 732218165
113999831 522374681
748952942 857336099
119071730 843434177
373070859 187661085
563595685 378520869
179654077 545314566
635596154 627461824
994704271 144591311
406463560 819339024
907398592 834666120
159383941 985175354
302958487 957471119
387777537 245848054
192511571 725916652
771475429 190255272
485171838 408450742
728648464 480253932
446997603 579919492
495880313 343782182
503540265 148685690
567592283 840152221
802933653 302179582
776689195 690339585
910601852 947066115
959428628 244786144
535901977 182225328
155414964 922712096
478793109 617812337
289528972 188588026
332771425 236230122
936927813 208103030
856238367 743484749
498670557 284231563
635373561 646518087
938648837 481217236
408691928 836782940
535115161 235388684
128385776 271401249
114508514 792417287
745751711 869075939
626691104 891027550
205428386 518536152
246170302 907104943